41,0,[4.78638, 2.9269]
42,0,[4.80341, 2.89526]
43,0,[4.80657, 2.84508]
44,0,[4.83866, 2.80648]
45,0,[4.85448, 2.74925]
46,0,[4.8849, 2.72042]
47,0,[4.90706, 2.69941]
48,0,[4.82932, 2.56853]
49,0,[4.83506, 2.44031]
50,0,[4.7858, 2.31125]
51,0,[4.9519, 2.34517]
52,0,[5.09291, 2.34525]
53,0,[5.19513, 2.35428]
54,0,[5.27183, 2.34586]
55,0,[5.32781, 2.33972]
56,0,[5.37919, 2.33194]
57,0,[5.42819, 2.30957]
58,0,[5.46396, 2.29324]
59,0,[5.49007, 2.28132]
60,0,[5.53273, 2.29274]
61,0,[5.54026, 2.28096]
62,0,[5.54575, 2.27236]
63,0,[5.54976, 2.26608]
64,0,[5.55268, 2.2615]
65,0,[5.55482, 2.25816]
66,0,[5.55638, 2.25572]
67,0,[5.55752, 2.25394]
68,0,[5.55835, 2.25264]
69,0,[5.53796, 2.23381]
70,0,[5.52308, 2.22007]
71,0,[5.5217, 2.24462]
72,0,[5.51122, 2.22795]
73,0,[5.51304, 2.25037]
74,0,[5.51437, 2.26674]
75,0,[5.51535, 2.27868]
76,0,[5.53891, 2.30873]
77,0,[5.49915, 2.31026]
78,0,[5.47012, 2.31139]
79,0,[5.42857, 2.29576]
80,0,[5.39824, 2.28436]
81,0,[5.28052, 2.21464]
82,0,[5.17486, 2.14804]
83,0,[5.13293, 2.11705]
84,0,[5.08932, 2.11269]
85,0,[5.05749, 2.10951]
86,0,[5.03426, 2.10719]
87,0,[5.01731, 2.10549]
88,0,[4.98316, 2.08721]
89,0,[4.98001, 2.09091]
90,0,[4.97771, 2.09361]
91,0,[4.96535, 2.11059]
92,0,[4.95632, 2.12297]
93,0,[4.94974, 2.13201]
94,0,[4.94493, 2.13861]
95,0,[4.90728, 2.14354]
96,0,[4.90083, 2.19349]
97,0,[4.80705, 2.16797]
98,0,[4.79322, 2.18371]
99,0,[4.74628, 2.19223]
100,0,[4.68271, 2.18294]
101,0,[4.63631, 2.17617]
102,0,[4.60245, 2.17122]
103,0,[4.56615, 2.18357]
104,0,[4.54336, 2.19781]
105,0,[4.50014, 2.18713]
106,0,[4.46859, 2.17934]
107,0,[4.44557, 2.17366]
108,0,[4.41691, 2.18574]
109,0,[4.39599, 2.19455]
110,0,[4.3675, 2.21909]
111,0,[4.31992, 2.21934]
112,0,[4.28519, 2.21953]
113,0,[4.27336, 2.20129]
114,0,[4.21385, 2.20677]
115,0,[4.17041, 2.21077]
116,0,[4.13872, 2.21369]
117,0,[4.08964, 2.19912]
118,0,[4.05381, 2.18848]
119,0,[4.02767, 2.18072]
120,0,[4.00859, 2.17505]
121,0,[3.99466, 2.17091]
122,0,[3.9845, 2.1679]
123,0,[3.97708, 2.16569]
124,0,[3.95891, 2.18122]
125,0,[3.94564, 2.19256]
126,0,[3.93596, 2.20083]
127,0,[3.92889, 2.20687]
128,0,[3.92373, 2.21128]
129,0,[3.91997, 2.2145]
130,0,[3.91722, 2.21684]
131,0,[3.91522, 2.21856]
132,0,[3.91375, 2.21981]
133,0,[3.91268, 2.22072]
134,0,[3.89909, 2.2386]
135,0,[3.88916, 2.25164]
136,0,[3.88192, 2.26117]
137,0,[3.86376, 2.2854]
138,0,[3.85051, 2.30309]
139,0,[3.84084, 2.316]
140,0,[3.85205, 2.35282]
141,0,[3.82752, 2.31825]
142,0,[3.79648, 2.31055]
143,0,[3.77382, 2.30492]
144,0,[3.7288, 2.28376]
145,0,[3.69593, 2.26831]
146,0,[3.65697, 2.27689]
147,0,[3.62853, 2.28314]
148,0,[3.60778, 2.28771]
149,0,[3.59263, 2.29104]
150,0,[3.58158, 2.29348]
151,0,[3.57351, 2.29525]
152,0,[3.55408, 2.31449]
153,0,[3.50642, 2.30952]
154,0,[3.47164, 2.30589]
155,0,[3.47973, 2.32226]
156,0,[3.42423, 2.35192]
157,0,[3.38372, 2.37356]
158,0,[3.35416, 2.38936]
159,0,[3.31852, 2.41938]
160,0,[3.29251, 2.44129]
161,0,[3.27353, 2.45728]
162,0,[3.25967, 2.46895]
163,0,[3.23387, 2.4981]
164,0,[3.21503, 2.51938]
165,0,[3.21698, 2.51427]
166,0,[3.20271, 2.53118]
167,0,[3.19229, 2.54353]
168,0,[3.17049, 2.5712]
169,0,[3.15458, 2.5914]
170,0,[3.14297, 2.60614]
171,0,[3.15927, 2.62919]
172,0,[3.06463, 2.61988]
173,0,[3.0299, 2.62967]
174,0,[3.00455, 2.63681]
175,0,[2.95171, 2.62544]
176,0,[2.91314, 2.61715]
177,0,[2.91934, 2.62767]
178,0,[2.92386, 2.63535]
179,0,[2.92716, 2.64096]
180,0,[2.85964, 2.61129]
181,0,[2.81036, 2.58965]
182,0,[2.7744, 2.57385]
183,0,[2.81808, 2.59607]
184,0,[2.84995, 2.61229]
185,0,[2.87322, 2.62412]
186,0,[2.8902, 2.63276]
187,0,[2.95921, 2.66922]
188,0,[2.95296, 2.66567]
189,0,[2.87847, 2.62933]
190,0,[2.82411, 2.60281]
191,0,[2.78443, 2.58345]
192,0,[2.79106, 2.5865]
193,0,[2.83023, 2.6053]
194,0,[2.84417, 2.63815]
195,0,[2.85435, 2.66213]
196,0,[2.89527, 2.69534]
197,0,[2.92513, 2.71958]
198,0,[2.94692, 2.73728]
199,0,[2.96283, 2.75019]
200,0,[2.97444, 2.75961]
201,0,[2.96853, 2.78541]
202,0,[3.00045, 2.82077]
203,0,[3.02374, 2.84657]
204,0,[3.04075, 2.8654]
205,0,[3.05315, 2.87914]
206,0,[3.06221, 2.88917]
207,0,[3.06882, 2.89649]
208,0,[3.10512, 2.91619]
209,0,[3.1316, 2.93056]
210,0,[3.1356, 2.9615]
211,0,[3.16929, 2.99767]
212,0,[3.1803, 3.04228]
213,0,[3.18834, 3.07485]
214,0,[3.22426, 3.11149]
215,0,[3.25048, 3.13823]
216,0,[3.25627, 3.17578]
217,0,[3.24709, 3.22129]
218,0,[3.2404, 3.25451]
219,0,[3.22205, 3.29695]
220,0,[3.23859, 3.33959]
221,0,[3.29168, 3.37665]
222,0,[3.36124, 3.41589]
223,0,[3.3952, 3.4677]
224,0,[3.39711, 3.47676]
225,0,[3.44855, 3.52243]
226,0,[3.51819, 3.56792]
227,0,[3.56902, 3.60113]
228,0,[3.63775, 3.66065]
229,0,[3.70354, 3.68207]
230,0,[3.73249, 3.69512]
231,0,[3.76938, 3.68251]
232,0,[3.78053, 3.69544]
233,0,[3.8397, 3.71965]
234,0,[3.85645, 3.73187]
235,0,[3.86868, 3.74079]
236,0,[3.8776, 3.74729]
237,0,[3.88411, 3.75204]
238,0,[3.88887, 3.75551]
239,0,[3.89234, 3.75804]
240,0,[3.89487, 3.75988]
241,0,[3.89672, 3.76123]
242,0,[3.89806, 3.76221]
243,0,[3.90984, 3.77162]
244,0,[3.89599, 3.78624]
245,0,[3.90833, 3.78915]
246,0,[3.89488, 3.79904]
247,0,[3.93108, 3.80736]
248,0,[3.94085, 3.82309]
249,0,[3.94107, 3.81605]
250,0,[3.95345, 3.83589]
251,0,[3.95718, 3.84392]
252,0,[3.95718, 3.84392]
253,0,[3.96668, 3.8585]
254,0,[3.97266, 3.86767]
255,0,[3.96387, 3.84764]
256,0,[3.95772, 3.83361]
257,0,[3.95332, 3.82359]
258,0,[3.96303, 3.79814]
259,0,[3.98157, 3.76341]
260,0,[3.99505, 3.73814]
261,0,[4.01631, 3.70357]
262,0,[4.01979, 3.65224]
263,0,[4.05705, 3.60878]
264,0,[4.08423, 3.57707]
265,0,[4.10407, 3.55393]
266,0,[4.20102, 3.53321]
267,0,[4.20184, 3.50419]
268,0,[4.25983, 3.47044]
269,0,[4.30215, 3.44581]
270,0,[4.33094, 3.40364]
271,0,[4.36287, 3.35734]
272,0,[4.39826, 3.30637]
273,0,[4.42409, 3.26917]
274,0,[4.45377, 3.22662]
275,0,[4.48623, 3.18021]
276,0,[4.54083, 3.1425]
277,0,[4.54083, 3.1425]
278,0,[4.54083, 3.1425]
279,0,[4.69791, 3.06084]
280,0,[4.7586, 2.99896]
281,0,[4.83271, 2.95926]
282,0,[4.85954, 2.91733]
283,0,[4.87838, 2.88788]
284,0,[4.90979, 2.84976]
285,0,[4.93859, 2.80484]
286,0,[4.96968, 2.75766]
287,0,[4.99229, 2.72332]
288,0,[5.03231, 2.66455]
289,0,[5.05878, 2.57817]
290,0,[5.10414, 2.52521]
291,0,[5.14717, 2.47231]
292,0,[5.19067, 2.41635]
293,0,[5.24499, 2.38882]
294,0,[5.25297, 2.32572]
295,0,[5.30333, 2.3041]
296,0,[5.34009, 2.28832]
297,0,[5.37867, 2.25985]
298,0,[5.40682, 2.23907]
299,0,[5.42737, 2.2239]
300,0,[5.44237, 2.21284]
301,0,[5.48681, 2.2045]
302,0,[5.51925, 2.19842]
303,0,[5.54293, 2.19397]
304,0,[5.5602, 2.19073]
305,0,[5.57281, 2.18837]
306,0,[5.59136, 2.17309]
307,0,[5.6049, 2.16194]
308,0,[5.59424, 2.13545]
309,0,[5.607, 2.13446]
310,0,[5.64346, 2.14849]
311,0,[5.62239, 2.12563]
312,0,[5.62754, 2.1273]
313,0,[5.61077, 2.11017]
314,0,[5.59853, 2.09766]
315,0,[5.58959, 2.08853]
316,0,[5.57353, 2.09563]
317,0,[5.56181, 2.1008]
318,0,[5.55326, 2.10458]
319,0,[5.52738, 2.09015]
320,0,[5.46522, 2.05973]
321,0,[5.40747, 2.05511]
322,0,[5.34346, 2.03337]
323,0,[5.32657, 2.05518]
324,0,[5.27289, 2.04969]
325,0,[5.20447, 2.04527]
326,0,[5.15454, 2.04204]
327,0,[5.1181, 2.03969]
328,0,[5.0915, 2.03797]
329,0,[5.07417, 2.06166]
330,0,[5.06153, 2.07894]
331,0,[5.01543, 2.06783]
332,0,[4.94994, 2.04017]
333,0,[4.90215, 2.01998]
334,0,[4.85608, 2.02074]
335,0,[4.82245, 2.02129]
336,0,[4.83005, 2.04096]
337,0,[4.83559, 2.05531]
338,0,[4.83963, 2.06578]
339,0,[4.78915, 2.03792]
340,0,[4.7523, 2.01759]
341,0,[4.72541, 2.00275]
342,0,[4.66829, 1.99647]
343,0,[4.6266, 1.99189]
344,0,[4.58446, 2.00459]
345,0,[4.55371, 2.01385]
346,0,[4.53126, 2.02061]
347,0,[4.50312, 2.04164]
348,0,[4.44452, 2.05499]
349,0,[4.40176, 2.06473]
350,0,[4.37054, 2.07184]
351,0,[4.33565, 2.0935]
352,0,[4.29668, 2.12768]
353,0,[4.26823, 2.15263]
354,0,[4.24746, 2.17084]
355,0,[4.20741, 2.16771]
356,0,[4.17817, 2.16543]
357,0,[4.14438, 2.1806]
358,0,[4.11971, 2.19167]
359,0,[4.10171, 2.19975]
360,0,[4.10103, 2.18881]
361,0,[4.08808, 2.19766]
362,0,[4.07862, 2.20412]
363,0,[4.07172, 2.20884]
364,0,[4.06668, 2.21228]
365,0,[4.06301, 2.21479]
366,0,[4.06033, 2.21663]
367,0,[4.05837, 2.21796]
368,0,[4.05694, 2.21894]
369,0,[4.0559, 2.21965]
370,0,[4.04262, 2.23708]
371,0,[4.03294, 2.2498]
372,0,[4.02587, 2.25908]
373,0,[4.042, 2.28739]
374,0,[4.03248, 2.28652]
375,0,[4.02554, 2.28588]
376,0,[4.02047, 2.28541]
377,0,[4.01677, 2.28507]
378,0,[3.99731, 2.30747]
379,0,[3.9831, 2.32382]
380,0,[3.91003, 2.31461]
381,0,[3.8567, 2.30789]
382,0,[3.81777, 2.30299]
383,0,[3.78936, 2.29941]
384,0,[3.74014, 2.27973]
385,0,[3.70421, 2.26537]
386,0,[3.67799, 2.25489]
387,0,[3.64388, 2.26709]
388,0,[3.61898, 2.276]
389,0,[3.6008, 2.28249]
390,0,[3.58754, 2.28724]
391,0,[3.57786, 2.2907]
392,0,[3.55725, 2.31117]
393,0,[3.50874, 2.3071]
394,0,[3.4594, 2.32245]
395,0,[3.42339, 2.33365]
396,0,[3.3971, 2.34183]
397,0,[3.36392, 2.3662]
398,0,[3.33971, 2.38399]
399,0,[3.30797, 2.41545]
400,0,[3.28481, 2.43842]
401,0,[3.26791, 2.45519]
402,0,[3.25557, 2.46742]
403,0,[3.24657, 2.47635]
404,0,[3.24, 2.48287]
405,0,[3.21951, 2.50826]
406,0,[3.17203, 2.51021]
407,0,[3.15344, 2.49068]
408,0,[3.12381, 2.49738]
409,0,[3.10219, 2.50227]
410,0,[3.08641, 2.50584]
411,0,[3.0749, 2.50844]
412,0,[3.03282, 2.49317]
413,0,[3.00212, 2.48203]
414,0,[2.92963, 2.47566]
415,0,[2.87672, 2.47101]
416,0,[2.83811, 2.46761]
417,0,[2.84515, 2.48262]
418,0,[2.86515, 2.47433]
419,0,[2.87974, 2.46827]
420,0,[2.87554, 2.4831]
421,0,[2.90647, 2.5108]
422,0,[2.92905, 2.53102]
423,0,[2.8763, 2.51141]
424,0,[2.8378, 2.4971]
425,0,[2.87893, 2.52102]
426,0,[2.8898, 2.50235]
427,0,[2.91688, 2.52485]
428,0,[2.90265, 2.52439]
