4,0,[3.29106, 3.23128]
5,0,[3.31264, 3.21147]
6,0,[3.32803, 3.19733]
7,0,[3.33913, 3.18713]
8,0,[3.34882, 3.19159]
9,0,[3.34879, 3.20363]
10,0,[3.32904, 3.17978]
11,0,[3.31463, 3.16239]
12,0,[3.30413, 3.1497]
13,0,[3.32005, 3.156]
14,0,[3.33168, 3.1606]
15,0,[3.35734, 3.14758]
16,0,[3.38534, 3.14473]
17,0,[3.40577, 3.14264]
18,0,[3.4422, 3.11857]
19,0,[3.48567, 3.11012]
20,0,[3.50637, 3.08698]
21,0,[3.53061, 3.07682]
22,0,[3.55844, 3.07695]
23,0,[3.57875, 3.07705]
24,0,[3.60719, 3.08649]
25,0,[3.64318, 3.09104]
26,0,[3.71305, 3.09586]
27,0,[3.77804, 3.09762]
28,0,[3.85702, 3.13106]
29,0,[3.89114, 3.12959]
30,0,[3.93065, 3.13843]
31,0,[3.97442, 3.14092]
32,0,[4.00637, 3.14273]
33,0,[4.05126, 3.15945]
34,0,[4.11646, 3.19102]
35,0,[4.13893, 3.20062]
36,0,[4.16706, 3.19544]
37,0,[4.20598, 3.20528]
38,0,[4.23439, 3.21246]
39,0,[4.25512, 3.21771]
40,0,[4.30086, 3.24057]
41,0,[4.3351, 3.2413]
42,0,[4.35162, 3.23254]
43,0,[4.4003, 3.23203]
44,0,[4.44308, 3.2144]
45,0,[4.47557, 3.22855]
46,0,[4.51116, 3.2368]
47,0,[4.55413, 3.24217]
48,0,[4.60999, 3.2227]
49,0,[4.65075, 3.20849]
50,0,[4.7006, 3.22945]
51,0,[4.76769, 3.23161]
52,0,[4.809, 3.24808]
53,0,[4.82349, 3.23234]
54,0,[4.85535, 3.24045]
55,0,[4.88558, 3.23627]
56,0,[4.91019, 3.21219]
57,0,[4.90992, 3.20127]
58,0,[4.92515, 3.19193]
59,0,[4.93626, 3.18511]
60,0,[4.95009, 3.17166]
61,0,[4.96018, 3.16185]
62,0,[4.96755, 3.15468]
63,0,[4.98409, 3.15726]
64,0,[4.99617, 3.15914]
65,0,[4.99381, 3.15271]
66,0,[5.01091, 3.14666]
67,0,[5.0234, 3.14225]
68,0,[5.0325, 3.13902]
69,0,[5.03038, 3.11259]
70,0,[5.03981, 3.10135]
71,0,[5.0467, 3.09314]
72,0,[5.05929, 3.07798]
73,0,[5.06301, 3.06193]
74,0,[5.07405, 3.03197]
75,0,[5.06619, 2.99621]
76,0,[5.07077, 2.97888]
77,0,[5.06783, 2.96056]
78,0,[5.05955, 2.95098]
79,0,[5.05353, 2.93109]
80,0,[5.06146, 2.90185]
81,0,[5.08224, 2.89092]
82,0,[5.0565, 2.82884]
83,0,[5.08424, 2.79101]
84,0,[5.12024, 2.74264]
85,0,[5.11838, 2.73053]
86,0,[5.09444, 2.64565]
87,0,[5.09022, 2.60069]
88,0,[5.07589, 2.54126]
89,0,[5.07525, 2.48706]
90,0,[5.09185, 2.45704]
91,0,[5.12031, 2.41388]
92,0,[5.1208, 2.38344]
93,0,[5.14093, 2.33538]
94,0,[5.15506, 2.31243]
95,0,[5.16538, 2.29568]
96,0,[5.17908, 2.27472]
97,0,[5.17681, 2.2317]
98,0,[5.18615, 2.21103]
99,0,[5.17934, 2.15285]
100,0,[5.18169, 2.10379]
101,0,[5.1834, 2.06799]
102,0,[5.17081, 2.01647]
103,0,[5.16312, 1.97798]
104,0,[5.15429, 1.93772]
105,0,[5.15019, 1.89255]
106,0,[5.15736, 1.83343]
107,0,[5.14895, 1.81837]
108,0,[5.15586, 1.80206]
109,0,[5.11156, 1.7782]
110,0,[5.11936, 1.75006]
111,0,[5.09404, 1.7175]
112,0,[5.13203, 1.69926]
113,0,[5.13358, 1.67542]
114,0,[5.13472, 1.65803]
115,0,[5.14756, 1.64881]
116,0,[5.13964, 1.6185]
117,0,[5.14467, 1.61372]
118,0,[5.12564, 1.56598]
119,0,[5.10678, 1.53837]
120,0,[5.08347, 1.50845]
121,0,[5.04615, 1.49111]
122,0,[5.0189, 1.47845]
123,0,[4.99902, 1.46921]
124,0,[4.99628, 1.44983]
125,0,[4.98764, 1.44091]
126,0,[4.98133, 1.4344]
127,0,[4.9906, 1.42665]
128,0,[4.98349, 1.424]
129,0,[4.9783, 1.42206]
130,0,[4.96773, 1.41398]
131,0,[4.92552, 1.40768]
132,0,[4.89471, 1.40307]
133,0,[4.8627, 1.40844]
134,0,[4.83935, 1.41235]
135,0,[4.81488, 1.40768]
136,0,[4.80325, 1.39417]
137,0,[4.79476, 1.38431]
138,0,[4.78119, 1.36972]
139,0,[4.7658, 1.36703]
140,0,[4.76006, 1.35711]
141,0,[4.74007, 1.36764]
142,0,[4.71671, 1.39191]
143,0,[4.7033, 1.40044]
144,0,[4.65547, 1.40633]
145,0,[4.59845, 1.38886]
146,0,[4.55684, 1.3761]
147,0,[4.52919, 1.33963]
148,0,[4.49103, 1.32338]
149,0,[4.42194, 1.34052]
150,0,[4.37152, 1.35304]
151,0,[4.32901, 1.36985]
152,0,[4.29922, 1.371]
153,0,[4.26844, 1.36354]
154,0,[4.22092, 1.36506]
155,0,[4.19818, 1.36034]
156,0,[4.15655, 1.36438]
157,0,[4.13319, 1.3738]
158,0,[4.10221, 1.36924]
159,0,[4.08102, 1.37815]
160,0,[4.03464, 1.36479]
161,0,[4.02094, 1.34087]
162,0,[3.96428, 1.34893]
163,0,[3.9401, 1.31615]
164,0,[3.90394, 1.3089]
165,0,[3.86421, 1.31366]
166,0,[3.82337, 1.32612]
167,0,[3.87214, 1.42736]
168,0,[3.82063, 1.40143]
169,0,[3.77152, 1.39145]
170,0,[3.72889, 1.39283]
171,0,[3.69778, 1.39384]
172,0,[3.66759, 1.38787]
173,0,[3.64621, 1.39887]
174,0,[3.62304, 1.40027]
175,0,[3.58103, 1.39582]
176,0,[3.47589, 1.27612]
177,0,[3.46131, 1.33127]
178,0,[3.44365, 1.38021]
179,0,[3.41958, 1.38646]
180,0,[3.39692, 1.40798]
181,0,[3.37188, 1.41664]
182,0,[3.34654, 1.43159]
183,0,[3.27568, 1.31608]
184,0,[3.27633, 1.3582]
185,0,[3.27681, 1.38894]
186,0,[3.27716, 1.41138]
187,0,[3.24509, 1.40245]
188,0,[3.22169, 1.39594]
189,0,[3.18456, 1.29006]
190,0,[3.1754, 1.22908]
191,0,[3.1754, 1.22908]
192,0,[3.25511, 1.48146]
193,0,[3.27447, 1.5042]
194,0,[3.2727, 1.53041]
195,0,[3.24776, 1.45154]
196,0,[3.24646, 1.51017]
197,0,[3.25437, 1.55982]
198,0,[3.26904, 1.60328]
199,0,[3.24921, 1.55661]
200,0,[3.25994, 1.61856]
201,0,[3.26074, 1.58394]
202,0,[3.23167, 1.57563]
203,0,[3.21047, 1.56956]
204,0,[3.23563, 1.67485]
205,0,[3.254, 1.7517]
206,0,[3.2674, 1.80778]
207,0,[3.2571, 1.86245]
208,0,[3.24107, 1.90496]
209,0,[3.23831, 1.95571]
210,0,[3.22698, 2.04658]
211,0,[3.22898, 2.13449]
212,0,[3.25034, 2.16799]
213,0,[3.2022, 2.172]
214,0,[3.1984, 2.19556]
215,0,[3.22252, 2.23149]
216,0,[3.21566, 2.25519]
217,0,[3.21065, 2.27249]
218,0,[3.20699, 2.28511]
219,0,[3.18218, 2.29289]
220,0,[3.14744, 2.31101]
221,0,[3.12208, 2.32423]
222,0,[3.13944, 2.34851]
223,0,[3.13742, 2.35626]
224,0,[3.13441, 2.38455]
225,0,[3.12404, 2.42651]
226,0,[3.14455, 2.46299]
227,0,[3.15952, 2.48961]
228,0,[3.19579, 2.50335]
229,0,[3.20713, 2.5544]
230,0,[3.2154, 2.59167]
231,0,[3.16897, 2.75124]
232,0,[3.13509, 2.86771]
233,0,[3.14801, 2.85096]
234,0,[3.11978, 2.94049]
235,0,[3.09919, 3.00583]
236,0,[3.12181, 2.95177]
237,0,[3.13832, 2.91232]
238,0,[3.15982, 2.89052]
239,0,[3.17552, 2.87461]
240,0,[3.17817, 2.86484]
241,0,[3.1801, 2.85771]
242,0,[3.20716, 2.88688]
243,0,[3.22692, 2.90817]
244,0,[3.2514, 2.93104]
245,0,[3.26176, 2.95732]
246,0,[3.26933, 2.9765]
247,0,[3.27485, 2.9905]
248,0,[3.27888, 3.00072]
249,0,[3.28182, 3.00817]
250,0,[3.28397, 3.01362]
251,0,[3.28553, 3.01759]
252,0,[3.31314, 3.01133]
253,0,[3.36065, 2.98346]
254,0,[3.3773, 2.9932]
255,0,[3.38945, 3.00031]
256,0,[3.41414, 2.99114]
257,0,[3.44503, 2.99347]
258,0,[3.47671, 3.00184]
259,0,[3.49983, 3.00795]
260,0,[3.51671, 3.01241]
261,0,[3.53816, 3.0224]
262,0,[3.55381, 3.02969]
263,0,[3.58899, 3.05192]
264,0,[3.65238, 3.07445]
265,0,[3.69865, 3.09088]
266,0,[3.70723, 3.07946]
267,0,[3.75293, 3.0924]
268,0,[3.79909, 3.08884]
269,0,[3.84083, 3.0925]
270,0,[3.87933, 3.10145]
271,0,[3.92934, 3.10786]
272,0,[3.97347, 3.1186]
273,0,[4.01412, 3.13322]
274,0,[4.05692, 3.15251]
275,0,[4.08815, 3.16659]
276,0,[4.12422, 3.17435]
277,0,[4.15632, 3.17627]
278,0,[4.19276, 3.17552]
279,0,[4.23047, 3.18254]
280,0,[4.23704, 3.18136]
281,0,[4.24184, 3.18049]
282,0,[4.28694, 3.20113]
283,0,[4.3305, 3.20454]
284,0,[4.3623, 3.20703]
285,0,[4.39232, 3.21457]
286,0,[4.40363, 3.22045]
287,0,[4.41188, 3.22475]
288,0,[4.44645, 3.24119]
289,0,[4.49982, 3.26586]
290,0,[4.52413, 3.25653]
291,0,[4.54186, 3.24973]
292,0,[4.59726, 3.23019]
293,0,[4.62992, 3.2329]
294,0,[4.68428, 3.24694]
295,0,[4.72976, 3.24884]
296,0,[4.78484, 3.23044]
297,0,[4.82715, 3.23907]
298,0,[4.84353, 3.21569]
299,0,[4.85548, 3.19862]
300,0,[4.86421, 3.18617]
301,0,[4.89975, 3.18548]
302,0,[4.92569, 3.18497]
303,0,[4.95, 3.18944]
304,0,[4.96951, 3.1775]
305,0,[4.95875, 3.15401]
306,0,[4.9509, 3.13686]
307,0,[4.95523, 3.13145]
308,0,[4.94832, 3.1204]
309,0,[4.96141, 3.11005]
310,0,[4.9923, 3.11463]
311,0,[5.00887, 3.09959]
312,0,[5.02694, 3.10699]
313,0,[5.02645, 3.08746]
314,0,[5.0261, 3.0732]
315,0,[5.02776, 3.04845]
316,0,[5.03644, 3.01134]
317,0,[5.05007, 2.99004]
318,0,[5.04864, 2.98905]
319,0,[5.06916, 2.95835]
320,0,[5.07549, 2.93702]
321,0,[5.08701, 2.9117]
322,0,[5.09772, 2.86317]
323,0,[5.10887, 2.82191]
324,0,[5.11279, 2.76472]
325,0,[5.09492, 2.74843]
326,0,[5.05059, 2.65237]
327,0,[5.02778, 2.57238]
328,0,[5.04818, 2.54444]
329,0,[5.0695, 2.51502]
330,0,[5.06907, 2.45494]
331,0,[5.0738, 2.404]
332,0,[5.07725, 2.36682]
333,0,[5.06468, 2.3253]
334,0,[5.0902, 2.31651]
335,0,[5.09161, 2.26767]
336,0,[5.10084, 2.24045]
337,0,[5.08485, 2.20844]
338,0,[5.08972, 2.16527]
339,0,[5.11153, 2.13733]
340,0,[5.13501, 2.10797]
341,0,[5.13841, 2.06225]
342,0,[5.13081, 2.03179]
343,0,[5.13485, 1.99268]
344,0,[5.13688, 1.96062]
345,0,[5.13514, 1.92504]
346,0,[5.12738, 1.89295]
347,0,[5.12172, 1.86952]
348,0,[5.11191, 1.83423]
349,0,[5.11578, 1.81895]
350,0,[5.13224, 1.77972]
351,0,[5.12018, 1.77482]
352,0,[5.11164, 1.75794]
353,0,[5.11122, 1.72737]
354,0,[5.09465, 1.68928]
355,0,[5.09802, 1.65968]
356,0,[5.10047, 1.63809]
357,0,[5.08161, 1.61048]
358,0,[5.06264, 1.58281]
359,0,[5.0488, 1.56261]
360,0,[5.06902, 1.56084]
361,0,[5.07664, 1.53537]
362,0,[5.06812, 1.51637]
363,0,[5.08079, 1.49608]
364,0,[5.09003, 1.48127]
365,0,[5.07138, 1.47893]
366,0,[5.07527, 1.46108]
367,0,[5.06231, 1.44931]
368,0,[5.05285, 1.44072]
369,0,[5.03731, 1.44251]
370,0,[5.03461, 1.43576]
371,0,[5.03263, 1.43084]
372,0,[4.9826, 1.42478]
373,0,[4.93878, 1.413]
374,0,[4.90999, 1.41101]
375,0,[4.90051, 1.4068]
376,0,[4.88113, 1.39237]
377,0,[4.8516, 1.383]
378,0,[4.83005, 1.37616]
379,0,[4.80695, 1.36377]
380,0,[4.79866, 1.37975]
381,0,[4.77963, 1.3919]
382,0,[4.76574, 1.40076]
383,0,[4.75561, 1.40724]
384,0,[4.71636, 1.41096]
385,0,[4.65263, 1.40332]
386,0,[4.60612, 1.39776]
387,0,[4.57504, 1.37226]
388,0,[4.55764, 1.34634]
389,0,[4.49932, 1.34733]
390,0,[4.45782, 1.31234]
391,0,[4.42753, 1.28679]
392,0,[4.40543, 1.26815]
393,0,[4.4044, 1.23967]
394,0,[4.45164, 1.14292]
395,0,[4.52034, 1.06147]
396,0,[4.44867, 1.0994]
397,0,[4.39059, 1.13528]
398,0,[4.28883, 1.18032]
399,0,[4.21457, 1.21319]
400,0,[4.17688, 1.26164]
401,0,[4.12676, 1.28064]
402,0,[4.09018, 1.2945]
403,0,[4.0791, 1.31451]
404,0,[4.02761, 1.29633]
405,0,[3.96081, 1.2963]
406,0,[3.91205, 1.29627]
407,0,[3.8912, 1.3081]
408,0,[3.96062, 1.41632]
409,0,[3.92299, 1.41137]
410,0,[3.89552, 1.40776]
411,0,[3.869, 1.41353]
412,0,[3.81626, 1.42351]
413,0,[3.78973, 1.42163]
414,0,[3.75065, 1.42245]
415,0,[3.68902, 1.41036]
416,0,[3.63725, 1.41007]
417,0,[3.59947, 1.40986]
418,0,[3.57423, 1.42662]
419,0,[3.52173, 1.41188]
420,0,[3.56663, 1.54054]
421,0,[3.53219, 1.50772]
422,0,[3.50705, 1.48376]
423,0,[3.49697, 1.45742]
424,0,[3.48962, 1.4382]
425,0,[3.54757, 1.5979]
426,0,[3.54226, 1.67504]
427,0,[3.52447, 1.74951]
428,0,[3.51148, 1.80386]
429,0,[3.51148, 1.80386]
430,0,[3.50026, 1.85082]
431,0,[3.4932, 1.88035]
432,0,[3.4559, 1.87984]
433,0,[3.42977, 1.87948]
434,0,[3.41111, 1.87922]
435,0,[3.363, 1.78139]
436,0,[3.31211, 1.69844]
437,0,[3.27509, 1.6381]
438,0,[3.25765, 1.60202]
439,0,[3.22779, 1.58681]
440,0,[3.23277, 1.57261]
441,0,[3.21913, 1.57334]
442,0,[3.19455, 1.51861]
443,0,[3.1766, 1.47867]
444,0,[3.19747, 1.56223]
445,0,[3.19087, 1.64285]
446,0,[3.19325, 1.69282]
447,0,[3.18989, 1.75425]
448,0,[3.14769, 1.75715]
449,0,[3.11689, 1.75927]
450,0,[3.11695, 1.73939]
451,0,[3.13865, 1.82772]
452,0,[3.07144, 1.90593]
453,0,[3.10795, 1.94742]
454,0,[3.08808, 2.04337]
455,0,[3.08808, 2.04337]
456,0,[3.04285, 2.10293]
457,0,[3.05151, 2.12655]
458,0,[3.05736, 2.1425]
459,0,[3.08634, 2.18399]
460,0,[3.09423, 2.21957]
461,0,[3.11525, 2.25554]
462,0,[3.11522, 2.27137]
463,0,[3.1264, 2.29138]
464,0,[3.11776, 2.3184]
465,0,[3.1528, 2.34305]
466,0,[3.11307, 2.4625]
467,0,[3.15261, 2.46434]
468,0,[3.17731, 2.50482]
469,0,[3.16896, 2.65079]
470,0,[3.149, 2.77582]
471,0,[3.18241, 2.76023]
472,0,[3.22416, 2.77384]
473,0,[3.25463, 2.78378]
474,0,[3.27687, 2.79103]
475,0,[3.26044, 2.79299]
476,0,[3.24845, 2.79442]
477,0,[3.2402, 2.80447]
478,0,[3.22537, 2.81365]
479,0,[3.21455, 2.82035]
480,0,[3.21455, 2.82035]
