46,0,[4.04825, 3.77138]
47,0,[4.00768, 3.71668]
48,0,[3.97015, 3.68114]
49,0,[3.95817, 3.64221]
50,0,[3.9571, 3.60334]
51,0,[3.94782, 3.56821]
52,0,[3.91687, 3.54856]
53,0,[3.90088, 3.51543]
54,0,[3.88922, 3.49126]
55,0,[3.9037, 3.46561]
56,0,[3.90376, 3.42555]
57,0,[3.91432, 3.41765]
58,0,[3.89141, 3.42222]
59,0,[3.87468, 3.42555]
60,0,[3.86248, 3.42798]
61,0,[3.87368, 3.39809]
62,0,[3.91002, 3.44957]
63,0,[3.90837, 3.41385]
64,0,[3.93534, 3.46108]
65,0,[3.95001, 3.49158]
66,0,[3.96072, 3.51384]
67,0,[3.93694, 3.45395]
68,0,[3.94604, 3.48147]
69,0,[3.95782, 3.50646]
70,0,[3.94581, 3.52198]
71,0,[3.95251, 3.53112]
72,0,[3.97071, 3.52315]
73,0,[3.98016, 3.52308]
74,0,[3.97856, 3.50809]
75,0,[3.95383, 3.50074]
76,0,[3.92892, 3.47408]
77,0,[3.91567, 3.44973]
78,0,[3.89773, 3.46435]
79,0,[3.8753, 3.47653]
80,0,[3.84619, 3.47664]
81,0,[3.80421, 3.47712]
82,0,[3.81126, 3.5104]
83,0,[3.81077, 3.52887]
84,0,[3.77195, 3.52197]
85,0,[3.75046, 3.50944]
86,0,[3.75417, 3.49483]
87,0,[3.72083, 3.47619]
88,0,[3.7111, 3.46278]
89,0,[3.69222, 3.44125]
90,0,[3.64817, 3.40175]
91,0,[3.59394, 3.4041]
92,0,[3.56588, 3.39554]
93,0,[3.52008, 3.37802]
94,0,[3.51994, 3.33175]
95,0,[3.51167, 3.28904]
96,0,[3.47343, 3.2308]
97,0,[3.40705, 3.17791]
98,0,[3.35859, 3.13931]
99,0,[3.30512, 3.05571]
100,0,[3.28532, 3.00906]
101,0,[3.21804, 2.95985]
102,0,[3.14721, 2.88412]
103,0,[3.11894, 2.86533]
104,0,[3.05529, 2.76833]
105,0,[2.98038, 2.68955]
106,0,[2.93248, 2.6273]
107,0,[2.88535, 2.58082]
108,0,[2.8523, 2.53645]
109,0,[2.80449, 2.49298]
110,0,[2.78638, 2.45392]
111,0,[2.73076, 2.38989]
112,0,[2.68027, 2.33802]
113,0,[2.63719, 2.30608]
114,0,[2.59853, 2.27976]
115,0,[2.56203, 2.23798]
116,0,[2.5373, 2.205]
117,0,[2.51727, 2.18103]
118,0,[2.49946, 2.16119]
119,0,[2.48866, 2.1328]
120,0,[2.46987, 2.10324]
121,0,[2.46123, 2.07086]
122,0,[2.44236, 2.06581]
123,0,[2.42647, 2.06189]
124,0,[2.42713, 2.06952]
125,0,[2.41743, 2.09369]
126,0,[2.41035, 2.11132]
127,0,[2.40518, 2.12419]
128,0,[2.40141, 2.13359]
129,0,[2.41145, 2.15163]
130,0,[2.40066, 2.18122]
131,0,[2.41091, 2.1864]
132,0,[2.39474, 2.20382]
133,0,[2.39831, 2.20388]
134,0,[2.40448, 2.20967]
135,0,[2.39981, 2.22136]
136,0,[2.37914, 2.20647]
137,0,[2.30258, 2.25559]
138,0,[2.27123, 2.29309]
139,0,[2.24503, 2.32451]
140,0,[2.23383, 2.35549]
141,0,[2.22334, 2.39435]
142,0,[2.22084, 2.42237]
143,0,[2.18836, 2.4434]
144,0,[2.15464, 2.46723]
145,0,[2.1302, 2.48256]
146,0,[2.0824, 2.50147]
147,0,[2.02113, 2.54897]
148,0,[2.03402, 2.53831]
149,0,[2.02929, 2.52804]
150,0,[2.01417, 2.55829]
151,0,[1.95135, 2.65463]
152,0,[1.93618, 2.63165]
153,0,[1.8442, 2.68542]
154,0,[1.78156, 2.73927]
155,0,[1.73618, 2.78163]
156,0,[1.6919, 2.81889]
157,0,[1.65619, 2.85385]
158,0,[1.62265, 2.87608]
159,0,[1.58866, 2.90079]
160,0,[1.57481, 2.94478]
161,0,[1.51094, 3.01785]
162,0,[1.47366, 3.08676]
163,0,[1.43335, 3.14705]
164,0,[1.402, 3.19342]
165,0,[1.39273, 3.22163]
166,0,[1.37111, 3.25436]
167,0,[1.36388, 3.28933]
168,0,[1.35685, 3.3172]
169,0,[1.36236, 3.33092]
170,0,[1.35939, 3.34116]
171,0,[1.33995, 3.36916]
172,0,[1.3304, 3.37982]
173,0,[1.33241, 3.39803]
174,0,[1.3249, 3.40089]
175,0,[1.32661, 3.39848]
176,0,[1.32811, 3.41377]
177,0,[1.32021, 3.41444]
178,0,[1.31278, 3.41714]
179,0,[1.30736, 3.41911]
180,0,[1.3034, 3.42054]
181,0,[1.30316, 3.4293]
182,0,[1.29769, 3.43255]
183,0,[1.2946, 3.43268]
184,0,[1.29234, 3.43277]
185,0,[1.28979, 3.43508]
186,0,[1.29182, 3.44161]
187,0,[1.28942, 3.44153]
188,0,[1.29134, 3.42932]
189,0,[1.2916, 3.43904]
190,0,[1.29854, 3.43069]
191,0,[1.29854, 3.43069]
192,0,[1.29854, 3.43069]
193,0,[1.35087, 3.5288]
194,0,[1.2572, 3.65494]
195,0,[1.2572, 3.65494]
196,0,[1.2572, 3.65494]
197,0,[1.2572, 3.65494]
