47,0,[4.52302, 3.67031]
48,0,[4.4959, 3.66581]
49,0,[4.48332, 3.62137]
50,0,[4.45736, 3.57536]
51,0,[4.43853, 3.542]
52,0,[4.42483, 3.51773]
53,0,[4.41485, 3.50006]
54,0,[4.40757, 3.48716]
55,0,[4.38347, 3.46224]
56,0,[4.36588, 3.44405]
57,0,[4.35304, 3.43078]
58,0,[4.34367, 3.42109]
59,0,[4.33683, 3.41402]
60,0,[4.33185, 3.40886]
61,0,[4.3282, 3.4051]
62,0,[4.23324, 3.41895]
63,0,[4.16393, 3.42906]
64,0,[4.09625, 3.42391]
65,0,[4.04686, 3.42015]
66,0,[4.01081, 3.41741]
67,0,[3.99923, 3.40245]
68,0,[3.99077, 3.39153]
69,0,[3.9846, 3.38356]
70,0,[3.9801, 3.37774]
71,0,[3.97681, 3.3735]
72,0,[3.97441, 3.3704]
73,0,[3.97266, 3.36814]
74,0,[3.99524, 3.36913]
75,0,[3.97922, 3.36025]
76,0,[3.96752, 3.35376]
77,0,[3.94882, 3.32771]
78,0,[3.95147, 3.29501]
78,1,[1.01453, 3.71246]
79,0,[3.94489, 3.26423]
79,1,[1.01453, 3.71246]
80,0,[3.95172, 3.30697]
80,1,[1.03282, 3.67508]
81,0,[3.9517, 3.33421]
81,1,[1.03725, 3.63458]
82,0,[3.95499, 3.37896]
83,0,[3.96548, 3.37729]
84,0,[3.9521, 3.38521]
85,0,[3.94524, 3.387]
86,0,[3.93283, 3.38182]
87,0,[3.89862, 3.3715]
88,0,[3.89139, 3.34292]
89,0,[3.89903, 3.31896]
90,0,[3.8962, 3.29555]
91,0,[3.921, 3.27672]
92,0,[3.9275, 3.23097]
93,0,[3.89317, 3.21856]
94,0,[3.90407, 3.16716]
95,0,[3.91793, 3.11761]
96,0,[3.934, 3.08533]
97,0,[3.94066, 3.03772]
98,0,[3.95631, 2.99293]
99,0,[3.96644, 2.9606]
100,0,[3.96465, 2.89384]
101,0,[3.96477, 2.85327]
102,0,[3.95737, 2.82212]
103,0,[3.9699, 2.80001]
104,0,[3.98763, 2.76672]
105,0,[3.98639, 2.74156]
106,0,[3.98774, 2.69915]
107,0,[3.98251, 2.67567]
108,0,[3.99362, 2.63871]
109,0,[3.97163, 2.61716]
110,0,[3.9585, 2.58579]
110,2,[1.1874, 2.69462]
111,0,[3.95337, 2.55421]
111,2,[1.17556, 2.62773]
112,0,[3.9474, 2.52809]
112,2,[1.17245, 2.61895]
113,0,[3.94696, 2.5101]
113,2,[1.17917, 2.6048]
114,0,[3.94345, 2.47817]
114,2,[1.18404, 2.59454]
115,0,[3.93982, 2.44659]
115,2,[1.18759, 2.58707]
116,0,[3.93776, 2.43084]
116,2,[1.17569, 2.56586]
117,0,[3.94215, 2.40642]
117,2,[1.16532, 2.54495]
118,0,[3.94535, 2.3886]
118,2,[1.16562, 2.53641]
119,0,[3.95518, 2.37033]
119,2,[1.15716, 2.53854]
120,0,[3.95056, 2.35875]
120,2,[1.15575, 2.5175]
121,0,[3.93723, 2.34819]
121,2,[1.15983, 2.50088]
122,0,[3.9275, 2.34049]
122,2,[1.16415, 2.51298]
123,0,[3.92465, 2.33831]
123,2,[1.16085, 2.49885]
124,0,[3.91832, 2.33328]
124,2,[1.15532, 2.4943]
125,0,[3.91795, 2.33305]
125,2,[1.15128, 2.49098]
126,0,[3.91768, 2.33288]
126,2,[1.14575, 2.48276]
127,0,[3.91323, 2.32932]
127,2,[1.15548, 2.46836]
128,0,[3.90053, 2.35248]
128,2,[1.15398, 2.48378]
129,0,[3.89126, 2.36938]
129,2,[1.15349, 2.48967]
130,0,[3.91193, 2.36952]
130,2,[1.14994, 2.48361]
131,0,[3.89958, 2.38182]
131,2,[1.15009, 2.47951]
132,0,[3.89057, 2.3908]
132,2,[1.1545, 2.46865]
133,0,[3.88155, 2.38599]
133,2,[1.16933, 2.46632]
134,0,[3.89338, 2.35747]
134,2,[1.1782, 2.45977]
135,0,[3.92664, 2.32143]
135,2,[1.18101, 2.44839]
136,0,[3.9406, 2.2965]
136,2,[1.19799, 2.43672]
137,0,[3.91835, 2.28465]
137,2,[1.20688, 2.43614]
138,0,[3.9259, 2.26017]
138,2,[1.21403, 2.43347]
139,0,[3.93142, 2.24231]
139,2,[1.22016, 2.42961]
140,0,[3.94615, 2.22786]
140,2,[1.23091, 2.43089]
141,0,[3.93697, 2.23559]
141,2,[1.24057, 2.42835]
142,0,[3.91502, 2.24285]
142,2,[1.25309, 2.40401]
143,0,[3.87663, 2.23899]
143,2,[1.24593, 2.39081]
144,0,[3.83264, 2.22271]
144,2,[1.25913, 2.38044]
145,0,[3.80311, 2.1911]
145,2,[1.26434, 2.34933]
146,0,[3.77632, 2.17936]
146,2,[1.27218, 2.32845]
147,0,[3.74737, 2.17109]
147,2,[1.28902, 2.30592]
148,0,[3.70577, 2.14796]
148,2,[1.35119, 2.2436]
149,0,[3.66069, 2.11901]
149,2,[1.40665, 2.20812]
150,0,[3.637, 2.08043]
150,2,[1.43382, 2.1484]
151,0,[3.61569, 2.04832]
151,2,[1.47276, 2.1034]
152,0,[3.60014, 2.02489]
152,2,[1.48553, 2.06754]
153,0,[3.58879, 2.00778]
153,2,[1.51959, 2.02752]
154,0,[3.56223, 1.97422]
154,2,[1.54046, 2.00331]
155,0,[3.53037, 1.94168]
155,2,[1.55569, 1.98564]
156,0,[3.48159, 1.8967]
156,2,[1.57913, 1.97403]
157,0,[3.45794, 1.86633]
157,2,[1.61188, 1.94713]
158,0,[3.43605, 1.841]
158,2,[1.64243, 1.91899]
159,0,[3.40147, 1.80087]
159,2,[1.66472, 1.89845]
160,0,[3.39151, 1.7506]
160,2,[1.70438, 1.87396]
161,0,[3.38096, 1.71131]
161,2,[1.77828, 1.83138]
162,0,[3.37325, 1.67352]
162,2,[1.83221, 1.80031]
163,0,[3.3539, 1.6367]
163,2,[1.89308, 1.74359]
164,0,[3.3334, 1.61847]
164,2,[1.96362, 1.717]
165,0,[3.30872, 1.60268]
165,2,[2.00487, 1.67448]
166,0,[3.27205, 1.56109]
166,2,[2.02774, 1.6148]
167,0,[3.2544, 1.54281]
167,2,[2.04444, 1.57125]
168,0,[3.23542, 1.51899]
168,2,[2.09617, 1.57262]
169,0,[3.21388, 1.51967]
169,2,[2.08968, 1.54584]
170,0,[3.19494, 1.51767]
170,2,[2.09805, 1.5139]
171,0,[3.17603, 1.52737]
171,2,[2.1094, 1.49048]
172,0,[3.16829, 1.54433]
172,2,[2.11878, 1.46825]
173,0,[3.13323, 1.51717]
173,2,[2.1227, 1.41499]
174,0,[3.07526, 1.47453]
174,2,[2.1907, 1.40538]
175,0,[3.02249, 1.43462]
175,2,[2.26791, 1.39271]
176,0,[3.03422, 1.47896]
176,2,[2.33541, 1.38066]
177,0,[3.04821, 1.50458]
177,2,[2.38467, 1.37186]
178,0,[3.05843, 1.52328]
178,2,[2.42333, 1.3577]
179,0,[3.05006, 1.48493]
179,2,[2.47254, 1.3227]
180,0,[3.05977, 1.50894]
180,2,[2.50691, 1.29419]
181,0,[3.07019, 1.49323]
181,2,[2.54509, 1.26687]
182,0,[3.06135, 1.45971]
182,2,[2.55769, 1.25391]
183,0,[3.06802, 1.49053]
183,2,[2.59392, 1.2341]
184,0,[3.07288, 1.51303]
184,2,[2.62036, 1.21963]
185,0,[3.07643, 1.52944]
185,2,[2.63966, 1.20908]
186,0,[3.07903, 1.54143]
186,2,[2.64418, 1.19832]
187,0,[3.08092, 1.55017]
187,2,[2.64748, 1.19048]
188,0,[3.0823, 1.55655]
188,2,[2.64853, 1.18222]
189,0,[3.0833, 1.56121]
189,2,[2.65065, 1.17872]
190,0,[3.08404, 1.56461]
190,2,[2.63952, 1.18482]
191,0,[3.06774, 1.54839]
191,2,[2.64608, 1.17489]
192,0,[3.06063, 1.5205]
192,2,[2.63848, 1.17672]
193,0,[3.06416, 1.49446]
193,2,[2.63294, 1.17806]
194,0,[3.05339, 1.52866]
194,2,[2.63614, 1.18078]
195,0,[3.0464, 1.51068]
195,2,[2.63824, 1.17168]
196,0,[3.04129, 1.49756]
196,2,[2.63403, 1.15984]
197,0,[2.99127, 1.43794]
197,2,[2.65883, 1.12194]
198,0,[2.90098, 1.46585]
198,2,[2.67906, 1.09675]
199,0,[2.86558, 1.45926]
199,2,[2.73501, 1.08867]
200,0,[2.86084, 1.44119]
200,2,[2.77119, 1.06907]
201,0,[2.82178, 1.45028]
201,2,[2.79541, 1.05473]
202,0,[2.80179, 1.44902]
202,2,[2.81462, 0.990132]
203,0,[2.80474, 1.46905]
203,2,[2.86452, 0.97195]
204,0,[2.72135, 1.48109]
204,2,[2.89274, 0.935438]
205,0,[2.69, 1.50925]
205,2,[2.9159, 0.892756]
206,0,[2.63638, 1.57406]
206,2,[2.91219, 0.873559]
207,0,[2.60585, 1.6001]
207,2,[2.96187, 0.812969]
208,0,[2.58647, 1.6311]
208,2,[2.99812, 0.768749]
209,0,[2.55891, 1.65192]
209,2,[3.03055, 0.741632]
210,0,[2.52613, 1.67711]
210,2,[3.07607, 0.73328]
211,0,[2.47474, 1.7125]
211,2,[3.10632, 0.792712]
212,0,[2.45224, 1.72707]
212,2,[3.12484, 0.86377]
213,0,[2.42589, 1.71872]
213,2,[3.1564, 0.858847]
214,0,[2.36827, 1.74889]
214,2,[3.18198, 0.950182]
215,0,[2.35292, 1.76573]
215,2,[3.20042, 1.02753]
216,0,[2.26733, 1.78391]
216,2,[3.21166, 1.09399]
217,0,[2.18988, 1.77954]
217,2,[3.27794, 1.18868]
218,0,[2.14627, 1.8104]
218,2,[3.36547, 1.29844]
219,0,[2.0988, 1.81658]
219,2,[3.43616, 1.39504]
220,0,[2.04413, 1.79974]
220,2,[3.46954, 1.47784]
221,0,[1.99404, 1.83591]
221,2,[3.48878, 1.54434]
222,0,[1.93565, 1.86137]
222,2,[3.52479, 1.5982]
223,0,[1.88412, 1.88958]
223,2,[3.55994, 1.65613]
224,0,[1.83955, 1.91912]
224,2,[3.5837, 1.7107]
225,0,[1.80192, 1.93492]
225,2,[3.61245, 1.76087]
226,0,[1.76922, 1.95315]
226,2,[3.64133, 1.80443]
227,0,[1.72058, 1.98261]
227,2,[3.69011, 1.84469]
228,0,[1.65253, 2.01181]
228,2,[3.72612, 1.88707]
229,0,[1.57219, 2.05021]
229,2,[3.75981, 1.91986]
230,0,[1.51812, 2.07769]
230,2,[3.78497, 1.95468]
231,0,[1.47037, 2.10751]
231,2,[3.79316, 1.98928]
232,0,[1.42257, 2.12913]
232,2,[3.82638, 2.01289]
233,0,[1.39762, 2.19099]
233,2,[3.86184, 2.04198]
234,0,[1.36984, 2.2346]
234,2,[3.88772, 2.06322]
235,0,[1.3516, 2.26581]
235,2,[3.90205, 2.08453]
236,0,[1.32636, 2.30781]
236,2,[3.92064, 2.10371]
237,0,[1.32585, 2.31738]
237,2,[3.93111, 2.12175]
238,0,[1.31097, 2.32671]
238,2,[3.93876, 2.13491]
239,0,[1.28812, 2.35295]
239,2,[3.93519, 2.14225]
240,0,[1.2723, 2.35336]
240,2,[3.93363, 2.15543]
241,0,[1.25213, 2.36199]
241,2,[3.9406, 2.1595]
242,0,[1.23741, 2.36829]
242,2,[3.94568, 2.16246]
243,0,[1.22667, 2.37289]
243,2,[3.9494, 2.16462]
244,0,[1.21707, 2.38066]
244,2,[3.95211, 2.1662]
245,0,[1.21007, 2.38633]
245,2,[3.95408, 2.16736]
246,0,[1.19657, 2.41186]
246,2,[3.96374, 2.16225]
247,0,[1.18673, 2.43049]
247,2,[3.9708, 2.15852]
248,0,[1.17954, 2.44408]
248,2,[3.97594, 2.1558]
249,0,[1.18234, 2.45101]
249,2,[3.97159, 2.15938]
250,0,[1.17599, 2.4465]
250,2,[3.97652, 2.15643]
251,0,[1.17135, 2.44321]
251,2,[3.96191, 2.16191]
252,0,[1.1911, 2.43078]
252,2,[3.95204, 2.17325]
253,0,[1.19779, 2.4296]
253,2,[3.94521, 2.19451]
254,0,[1.2122, 2.4229]
254,2,[3.94096, 2.21795]
255,0,[1.19803, 2.44398]
255,2,[3.93659, 2.24817]
256,0,[1.19518, 2.45242]
256,2,[3.94205, 2.26204]
257,0,[1.19501, 2.4582]
257,2,[3.95625, 2.2843]
258,0,[1.18849, 2.46844]
258,2,[3.93423, 2.30334]
259,0,[1.1777, 2.49621]
259,2,[3.94496, 2.34405]
260,0,[1.16982, 2.51649]
260,2,[3.93953, 2.35641]
261,0,[1.17301, 2.52179]
261,2,[3.93427, 2.3767]
262,0,[1.19089, 2.52728]
262,2,[3.95679, 2.41958]
263,0,[1.20309, 2.53416]
263,2,[3.96449, 2.46021]
264,0,[1.22452, 2.54938]
264,2,[3.99433, 2.48566]
265,0,[1.22763, 2.55029]
265,2,[3.99355, 2.53692]
266,0,[1.24026, 2.56289]
266,2,[4.01116, 2.56436]
267,0,[1.22929, 2.60783]
267,2,[3.99631, 2.60679]
268,0,[1.19959, 2.63536]
268,2,[3.98951, 2.64733]
269,0,[1.19557, 2.68425]
269,2,[3.98208, 2.68337]
270,0,[1.17595, 2.73488]
270,2,[3.97994, 2.69894]
271,0,[1.14927, 2.80238]
271,2,[3.96932, 2.7351]
272,0,[1.12979, 2.85163]
272,2,[3.95089, 2.77253]
273,0,[1.14495, 2.85175]
273,2,[3.95231, 2.83319]
274,0,[1.12423, 2.90605]
274,2,[3.93482, 2.85959]
275,2,[3.93538, 2.90379]
276,2,[3.93738, 2.95312]
277,2,[3.92131, 3.00455]
278,2,[3.91306, 3.04998]
279,2,[3.90121, 3.08366]
280,2,[3.91428, 3.12768]
281,2,[3.92382, 3.15981]
282,2,[3.93651, 3.20173]
283,2,[3.94285, 3.23625]
284,2,[3.94747, 3.26144]
285,2,[3.9548, 3.28365]
286,2,[3.95382, 3.31038]
287,2,[3.94087, 3.3253]
288,2,[3.9284, 3.3439]
289,2,[3.92286, 3.36028]
290,2,[3.94302, 3.39864]
291,2,[3.95477, 3.44101]
292,2,[3.96899, 3.4681]
293,2,[3.97813, 3.46966]
294,2,[3.96564, 3.4744]
295,2,[3.96719, 3.46709]
296,2,[3.95698, 3.41723]
297,2,[3.94953, 3.38084]
298,2,[3.96824, 3.35713]
299,2,[3.95775, 3.33697]
300,2,[3.95009, 3.32226]
301,2,[3.9445, 3.31153]
302,2,[3.94042, 3.30369]
303,2,[3.93744, 3.29797]
304,2,[3.92839, 3.3032]
305,2,[3.92178, 3.30702]
306,2,[3.92384, 3.3004]
307,2,[3.91846, 3.30497]
308,2,[3.93182, 3.32039]
309,2,[3.94158, 3.33164]
310,2,[3.9487, 3.33985]
311,2,[3.9224, 3.39522]
312,2,[3.92671, 3.38171]
313,2,[3.91506, 3.38403]
314,2,[3.91457, 3.3829]
315,2,[3.93177, 3.39424]
316,2,[3.93355, 3.38099]
317,2,[3.94678, 3.40999]
318,2,[3.95643, 3.43116]
319,2,[3.94994, 3.47623]
320,2,[3.95362, 3.51589]
321,2,[3.94242, 3.57443]
