69,0,[3.73616, 3.60578]
70,0,[3.77026, 3.57209]
71,0,[3.79459, 3.54805]
72,0,[3.81213, 3.53071]
73,0,[3.86368, 3.56925]
74,0,[3.90117, 3.59729]
75,0,[3.92848, 3.61771]
76,0,[3.9484, 3.6326]
77,0,[3.96293, 3.64347]
78,0,[3.97353, 3.65139]
79,0,[3.96041, 3.65949]
80,0,[3.98006, 3.65433]
81,0,[3.99838, 3.64498]
82,0,[3.99015, 3.56854]
83,0,[3.98489, 3.58504]
84,0,[3.98031, 3.5248]
85,0,[3.98746, 3.54479]
86,0,[4.0027, 3.55525]
87,0,[4.00197, 3.54032]
88,0,[3.98695, 3.54496]
89,0,[3.98661, 3.54223]
90,0,[3.9845, 3.51009]
91,0,[3.96665, 3.51681]
92,0,[3.95363, 3.52171]
93,0,[3.93279, 3.51464]
94,0,[3.88987, 3.48616]
95,0,[3.84938, 3.46031]
96,0,[3.78764, 3.44139]
97,0,[3.74378, 3.41428]
98,0,[3.68682, 3.36842]
99,0,[3.62548, 3.33509]
100,0,[3.59438, 3.29973]
101,0,[3.5563, 3.26057]
102,0,[3.51974, 3.23462]
103,0,[3.4808, 3.19026]
104,0,[3.44138, 3.1559]
105,0,[3.39279, 3.10008]
106,0,[3.34533, 3.05946]
107,0,[3.28148, 3.01813]
108,0,[3.23663, 2.97065]
109,0,[3.18204, 2.90897]
110,0,[3.16447, 2.84115]
111,0,[3.15866, 2.78382]
112,0,[3.12643, 2.73562]
113,0,[3.06361, 2.6982]
114,0,[3.04944, 2.64261]
115,0,[3.02895, 2.59439]
116,0,[3.00925, 2.54582]
117,0,[2.99177, 2.50817]
118,0,[2.95203, 2.49088]
119,0,[2.91611, 2.45682]
120,0,[2.87277, 2.40958]
121,0,[2.82906, 2.34444]
122,0,[2.73736, 2.27685]
123,0,[2.70444, 2.24582]
124,0,[2.66185, 2.20708]
124,1,[3.92163, 3.7153]
125,0,[2.63825, 2.1848]
125,1,[3.92606, 3.72049]
126,0,[2.57575, 2.16466]
126,1,[3.96362, 3.75728]
127,0,[2.53014, 2.14996]
127,1,[4.05519, 3.70089]
128,0,[2.50204, 2.12614]
128,1,[4.15058, 3.59203]
129,0,[2.47489, 2.10091]
129,1,[4.07688, 3.52697]
130,0,[2.46277, 2.08897]
130,1,[4.16598, 3.46566]
131,0,[2.44335, 2.06666]
131,1,[4.06779, 3.46717]
132,0,[2.43441, 2.04711]
132,1,[4.01667, 3.43604]
133,0,[2.42789, 2.03283]
133,1,[3.97939, 3.41334]
134,0,[2.41559, 2.01636]
134,1,[3.95218, 3.39677]
135,0,[2.41415, 2.01039]
135,1,[3.93232, 3.38468]
136,0,[2.41605, 2.00153]
136,1,[3.91783, 3.37586]
137,0,[2.41484, 1.98575]
137,1,[3.90726, 3.36942]
138,0,[2.39892, 1.98457]
138,1,[4.04202, 3.35077]
139,0,[2.38745, 1.9645]
139,1,[4.14038, 3.33716]
140,0,[2.38412, 1.97403]
140,1,[4.21217, 3.32723]
141,0,[2.37179, 1.97925]
141,1,[4.26456, 3.31998]
142,0,[2.36667, 1.97742]
142,1,[4.23676, 3.39746]
143,0,[2.37033, 1.98218]
143,1,[4.28251, 3.37124]
144,0,[2.34589, 1.98125]
144,1,[4.24985, 3.43487]
145,0,[2.34496, 1.97589]
145,1,[4.21733, 3.49674]
146,0,[2.34429, 1.97197]
146,1,[4.1936, 3.5419]
147,0,[2.3438, 1.96911]
147,1,[4.26937, 3.49202]
148,0,[2.32833, 2.01396]
148,1,[4.27728, 3.50794]
149,0,[2.31017, 2.02861]
149,1,[4.33746, 3.42454]
150,0,[2.28807, 2.07068]
150,1,[4.31524, 3.40245]
151,0,[2.25558, 2.10424]
151,1,[4.28471, 3.4544]
152,0,[2.22858, 2.12837]
152,1,[4.24699, 3.51344]
153,0,[2.20068, 2.16701]
153,1,[4.20184, 3.55434]
154,0,[2.16903, 2.19848]
154,1,[4.20336, 3.54712]
155,0,[2.1364, 2.21713]
155,1,[4.1959, 3.53405]
156,0,[2.0741, 2.27553]
156,1,[4.17404, 3.53182]
157,0,[2.04109, 2.3257]
157,1,[4.17773, 3.37038]
158,0,[1.99881, 2.38276]
158,1,[4.12062, 3.38593]
159,0,[1.97214, 2.43074]
159,1,[4.03067, 3.27959]
160,0,[1.9485, 2.47115]
160,1,[3.95791, 3.21709]
161,0,[1.93534, 2.50047]
161,1,[3.90511, 3.20171]
162,0,[1.89742, 2.5359]
162,1,[3.8524, 3.17206]
163,0,[1.84555, 2.57176]
163,1,[3.86776, 3.15506]
164,0,[1.80769, 2.59793]
164,1,[3.83147, 3.12616]
165,0,[1.7338, 2.63649]
165,1,[3.81051, 3.09435]
166,0,[1.69003, 2.676]
166,1,[3.7846, 3.06842]
167,0,[1.64227, 2.72498]
167,1,[3.76071, 3.03846]
168,0,[1.60427, 2.76473]
168,1,[3.77587, 2.98223]
169,0,[1.55862, 2.81383]
169,1,[3.82132, 2.93738]
170,0,[1.53113, 2.82645]
170,1,[3.77725, 2.93396]
171,0,[1.46327, 2.88634]
171,1,[3.7317, 2.93788]
172,0,[1.43356, 2.91495]
172,1,[3.62836, 2.82319]
173,0,[1.40899, 2.94125]
173,1,[3.54172, 2.75531]
174,0,[1.42448, 2.93723]
174,1,[3.46137, 2.69808]
175,0,[1.40913, 2.95538]
175,1,[3.44333, 2.61382]
176,0,[1.39927, 2.99058]
176,1,[3.37385, 2.5849]
177,0,[1.3669, 3.03414]
177,1,[3.36033, 2.53779]
178,0,[1.33716, 3.07149]
178,1,[3.34167, 2.50494]
179,0,[1.3067, 3.12493]
179,1,[3.33408, 2.46456]
180,0,[1.28863, 3.17445]
180,1,[3.23837, 2.41752]
181,0,[1.26263, 3.2007]
181,1,[3.17022, 2.38278]
182,0,[1.25424, 3.23196]
182,1,[3.15687, 2.34306]
183,0,[1.23639, 3.27711]
183,1,[3.13449, 2.31418]
184,0,[1.24969, 3.31328]
184,1,[3.05622, 2.32528]
185,0,[1.22288, 3.33877]
185,1,[2.98312, 2.31658]
186,0,[1.19975, 3.37245]
186,1,[3.00603, 2.28365]
187,0,[1.21775, 3.37217]
187,1,[2.93288, 2.24955]
188,0,[1.21546, 3.36939]
188,1,[2.93592, 2.17702]
189,0,[1.23365, 3.38521]
189,1,[2.79808, 2.15094]
190,0,[1.23803, 3.38649]
190,1,[2.70481, 2.13002]
191,0,[1.20885, 3.39611]
191,1,[2.63964, 2.12313]
191,2,[3.91688, 3.83454]
192,0,[1.18447, 3.48887]
192,1,[2.59647, 2.10593]
192,2,[3.89897, 3.82648]
193,0,[1.19031, 3.45915]
193,1,[2.55687, 2.08129]
193,2,[3.89969, 3.81586]
194,0,[1.2016, 3.42411]
194,1,[2.53314, 2.0732]
194,2,[3.9002, 3.80821]
195,0,[1.21954, 3.41446]
195,1,[2.52017, 2.06497]
195,2,[3.90454, 3.79713]
196,0,[1.23057, 3.41297]
196,1,[2.48777, 2.06279]
196,2,[3.90275, 3.7852]
197,0,[1.19313, 3.46302]
197,1,[2.48383, 2.06183]
197,2,[3.90012, 3.75999]
198,0,[1.19756, 3.4386]
198,1,[2.47746, 2.05273]
198,2,[3.89953, 3.75811]
199,0,[1.21158, 3.40386]
199,1,[2.4837, 2.0579]
199,2,[3.9065, 3.73773]
200,0,[1.22181, 3.3785]
200,1,[2.48543, 2.05663]
200,2,[3.91159, 3.72285]
201,0,[1.22928, 3.36]
201,1,[2.4724, 2.04938]
201,2,[3.9153, 3.712]
202,0,[1.23472, 3.34649]
202,1,[2.45279, 2.05189]
202,2,[3.91801, 3.70408]
203,0,[1.23244, 3.34384]
203,1,[2.44286, 2.03312]
203,2,[3.91892, 3.68887]
204,0,[1.23714, 3.3295]
204,1,[2.42309, 2.04735]
204,2,[3.92816, 3.70598]
205,0,[1.23991, 3.35187]
205,1,[2.40885, 2.03975]
205,2,[3.92618, 3.71747]
206,0,[1.24193, 3.3682]
206,1,[2.39827, 2.05219]
206,2,[3.92007, 3.70494]
207,0,[1.24193, 3.3682]
207,1,[2.39398, 2.05367]
207,2,[3.91357, 3.71079]
208,0,[1.24193, 3.3682]
208,1,[2.37447, 2.06251]
208,2,[3.90915, 3.68177]
209,0,[1.24193, 3.3682]
209,1,[2.36022, 2.06896]
209,2,[3.90828, 3.67075]
210,1,[2.33757, 2.06123]
210,2,[3.90946, 3.66788]
211,1,[2.26721, 2.08258]
211,2,[3.89979, 3.65963]
212,1,[2.22848, 2.10935]
212,2,[3.89937, 3.65951]
213,1,[2.20642, 2.12923]
213,2,[3.89085, 3.6521]
214,1,[2.1833, 2.1631]
214,2,[3.87978, 3.63612]
215,1,[2.17241, 2.16688]
215,2,[3.8717, 3.62447]
216,1,[2.14905, 2.19707]
216,2,[3.8704, 3.60017]
217,1,[2.11391, 2.20347]
217,2,[3.87469, 3.56913]
218,1,[2.07119, 2.20917]
218,2,[3.87781, 3.54648]
219,1,[2.04443, 2.21997]
219,2,[3.85654, 3.50875]
220,1,[2.0575, 2.21595]
220,2,[3.84777, 3.47513]
221,1,[2.03023, 2.22134]
221,2,[3.83624, 3.44077]
222,1,[1.98174, 2.24039]
222,2,[3.82646, 3.40601]
223,1,[1.90858, 2.29055]
223,2,[3.79883, 3.39358]
224,1,[1.94541, 2.27601]
224,2,[3.75357, 3.3843]
225,1,[1.95112, 2.26389]
225,2,[3.78138, 3.33521]
226,1,[1.9248, 2.31292]
226,2,[3.78591, 3.29533]
227,1,[1.9056, 2.3487]
227,2,[3.78311, 3.25713]
228,1,[1.82149, 2.40858]
228,2,[3.77312, 3.20881]
229,1,[1.84776, 2.47015]
229,2,[3.75619, 3.17163]
230,1,[1.88583, 2.52146]
230,2,[3.74706, 3.13717]
231,1,[1.77181, 2.61062]
231,2,[3.71675, 3.11191]
232,1,[1.66684, 2.65685]
232,2,[3.68517, 3.09666]
233,1,[1.59068, 2.68788]
233,2,[3.60316, 3.0858]
234,1,[1.53532, 2.72922]
234,2,[3.54038, 3.06025]
235,1,[1.48894, 2.76533]
235,2,[3.48958, 3.03314]
236,1,[1.42722, 2.82251]
236,2,[3.45445, 3.01642]
237,1,[1.36524, 2.88851]
237,2,[3.42834, 2.97208]
238,1,[1.30913, 2.95282]
238,2,[3.36178, 2.95206]
239,1,[1.26417, 3.00937]
239,2,[3.32268, 2.90107]
240,1,[1.23693, 3.04021]
240,2,[3.29497, 2.90214]
241,1,[1.21113, 3.07987]
241,2,[3.25137, 2.83533]
242,1,[1.21943, 3.13656]
242,2,[3.25524, 2.79257]
243,1,[1.23079, 3.19822]
243,2,[3.25064, 2.74443]
244,1,[1.23433, 3.2406]
244,2,[3.22335, 2.69449]
245,1,[1.24625, 3.262]
245,2,[3.17359, 2.63848]
246,1,[1.25373, 3.28473]
246,2,[3.13212, 2.59205]
247,1,[1.25474, 3.31751]
247,2,[3.09855, 2.52823]
248,1,[1.2571, 3.34231]
248,2,[3.07819, 2.47349]
249,1,[1.26167, 3.36104]
249,2,[3.0457, 2.45058]
250,1,[1.26997, 3.37432]
250,2,[3.00071, 2.38857]
251,1,[1.27602, 3.38402]
251,2,[2.95604, 2.34937]
252,1,[1.28044, 3.3911]
252,2,[2.9471, 2.32465]
253,1,[1.28367, 3.39626]
253,2,[2.93586, 2.31253]
254,1,[1.27515, 3.38735]
254,2,[2.90927, 2.29061]
254,3,[3.93745, 3.86725]
255,1,[1.26599, 3.39181]
255,2,[2.863, 2.29305]
255,3,[3.9018, 3.84527]
256,1,[1.26584, 3.401]
256,2,[2.78447, 2.25419]
256,3,[3.8818, 3.81675]
257,1,[1.26616, 3.4125]
257,2,[2.72716, 2.22582]
257,3,[3.86737, 3.79619]
258,1,[1.21177, 3.47602]
258,2,[2.64453, 2.18377]
258,3,[3.87198, 3.77941]
259,1,[1.16057, 3.50271]
259,2,[2.57809, 2.16641]
259,3,[3.86972, 3.77687]
260,1,[1.13471, 3.54185]
260,2,[2.52143, 2.11975]
260,3,[3.8441, 3.7774]
261,1,[1.10433, 3.55076]
261,2,[2.494, 2.09674]
261,3,[3.87077, 3.76995]
262,1,[1.08941, 3.54415]
262,2,[2.48111, 2.08997]
262,3,[3.84489, 3.77236]
263,1,[1.07852, 3.53933]
263,2,[2.45573, 2.06776]
263,3,[3.87133, 3.76627]
264,1,[1.07163, 3.60822]
264,2,[2.41585, 2.05881]
264,3,[3.89063, 3.76184]
265,1,[1.05427, 3.56719]
265,2,[2.41663, 2.05764]
265,3,[3.85939, 3.76643]
266,1,[1.04071, 3.5718]
266,2,[2.40891, 2.07206]
266,3,[3.8719, 3.75877]
267,1,[1.10151, 3.53941]
267,2,[2.40329, 2.08259]
267,3,[3.88565, 3.6817]
268,1,[1.0884, 3.60828]
268,2,[2.39233, 2.08294]
268,3,[3.89315, 3.6083]
269,1,[1.06594, 3.63577]
269,2,[2.35992, 2.05623]
269,3,[3.84105, 3.66625]
270,1,[1.04954, 3.65584]
270,2,[2.35073, 2.0511]
270,3,[3.83446, 3.68986]
271,1,[1.04954, 3.65584]
271,2,[2.3009, 2.04333]
271,3,[3.86568, 3.69708]
272,1,[1.04954, 3.65584]
272,2,[2.26454, 2.03765]
272,3,[3.93021, 3.68277]
273,1,[1.04954, 3.65584]
273,2,[2.21194, 2.05888]
273,3,[3.93639, 3.66622]
274,2,[2.17333, 2.03401]
274,3,[3.94466, 3.63977]
275,2,[2.17403, 2.01004]
275,3,[3.94821, 3.61208]
276,2,[2.16039, 1.99256]
276,3,[3.98047, 3.62884]
277,2,[2.11173, 2.0132]
277,3,[3.96333, 3.63508]
278,2,[2.08118, 2.03864]
278,3,[3.9245, 3.58175]
279,2,[2.02927, 2.03686]
279,3,[3.86574, 3.52439]
280,2,[1.98355, 2.02811]
280,3,[3.82576, 3.46768]
281,2,[1.93249, 2.02009]
281,3,[3.79446, 3.43101]
282,2,[1.90429, 2.06901]
282,3,[3.74335, 3.38801]
283,2,[1.85995, 2.12719]
283,3,[3.7197, 3.35269]
284,2,[1.80968, 2.1337]
284,3,[3.69555, 3.32118]
285,2,[1.77384, 2.14494]
285,3,[3.6903, 3.30427]
286,2,[1.7343, 2.1494]
286,3,[3.6818, 3.26673]
287,2,[1.70545, 2.15265]
287,3,[3.66455, 3.24711]
288,2,[1.69801, 2.14669]
288,3,[3.65878, 3.23169]
289,2,[1.6709, 2.22265]
289,3,[3.58475, 3.16171]
290,2,[1.66345, 2.20962]
290,3,[3.54443, 3.12387]
291,2,[1.63875, 2.28118]
291,3,[3.56045, 3.09671]
292,2,[1.62632, 2.33257]
292,3,[3.54782, 3.04167]
293,2,[1.59934, 2.39231]
293,3,[3.53943, 2.99706]
294,2,[1.58329, 2.42845]
294,3,[3.51968, 2.94215]
295,2,[1.60084, 2.48985]
295,3,[3.4983, 2.9105]
296,2,[1.58209, 2.5512]
296,3,[3.48064, 2.88241]
297,2,[1.53282, 2.6239]
297,3,[3.47637, 2.86225]
298,2,[1.48517, 2.66321]
298,3,[3.46492, 2.82118]
299,2,[1.46163, 2.68642]
299,3,[3.43247, 2.8016]
300,2,[1.42255, 2.74517]
300,3,[3.41669, 2.75832]
301,2,[1.38525, 2.79648]
301,3,[3.38979, 2.71345]
302,2,[1.34974, 2.8413]
302,3,[3.33518, 2.69783]
303,2,[1.30442, 2.89706]
303,3,[3.29714, 2.68549]
304,2,[1.25143, 2.95698]
304,3,[3.2476, 2.6254]
305,2,[1.24348, 2.98839]
305,3,[3.21371, 2.59491]
306,2,[1.25767, 3.0002]
306,3,[3.21126, 2.55301]
307,2,[1.26784, 3.01597]
307,3,[3.15314, 2.53871]
308,2,[1.27723, 3.04966]
308,3,[3.12476, 2.51701]
309,2,[1.2689, 3.09986]
309,3,[3.09992, 2.45307]
310,2,[1.25245, 3.15748]
310,3,[3.08443, 2.42178]
311,2,[1.25862, 3.17919]
311,3,[3.06146, 2.39291]
312,2,[1.25498, 3.22924]
312,3,[3.01977, 2.34805]
313,2,[1.2711, 3.27107]
313,3,[2.97343, 2.3423]
314,2,[1.27454, 3.29162]
314,3,[2.91968, 2.28702]
315,2,[1.29039, 3.32744]
315,3,[2.85776, 2.27214]
316,2,[1.29053, 3.3484]
316,3,[2.82342, 2.27572]
316,4,[4.24227, 3.90909]
317,2,[1.28107, 3.37144]
317,3,[2.80225, 2.21811]
317,4,[4.19722, 3.8867]
318,2,[1.26539, 3.37917]
318,3,[2.75448, 2.1788]
318,4,[4.16287, 3.87365]
319,2,[1.25528, 3.38075]
319,3,[2.7505, 2.19973]
319,4,[4.11402, 3.8894]
320,2,[1.25897, 3.38037]
320,3,[2.6965, 2.1582]
320,4,[4.08182, 3.88751]
321,2,[1.26878, 3.38985]
321,3,[2.65249, 2.12758]
321,4,[4.06908, 3.87602]
322,2,[1.27376, 3.3942]
322,3,[2.58553, 2.10462]
322,4,[3.99754, 3.83232]
323,2,[1.27958, 3.39995]
323,3,[2.55641, 2.07584]
323,4,[3.95255, 3.77539]
324,2,[1.21169, 3.4796]
324,3,[2.58601, 2.04434]
324,4,[3.92951, 3.73187]
325,2,[1.16213, 3.53773]
325,3,[2.61626, 2.02423]
325,4,[3.91271, 3.70011]
326,2,[1.16403, 3.61556]
326,3,[2.62751, 1.99432]
326,4,[3.90044, 3.67694]
327,2,[1.13793, 3.66687]
327,3,[2.58552, 2.00434]
327,4,[3.88619, 3.65571]
328,2,[1.13231, 3.72797]
328,3,[2.58388, 1.96709]
328,4,[3.85983, 3.64061]
329,2,[1.12822, 3.77256]
329,3,[2.55592, 1.91182]
329,4,[3.87838, 3.63576]
330,2,[1.12939, 3.75875]
330,3,[2.56795, 1.89112]
330,4,[3.89836, 3.60998]
331,2,[1.11642, 3.76651]
331,3,[2.57106, 1.88446]
331,4,[3.87565, 3.57786]
332,2,[1.07776, 3.76625]
332,3,[2.57828, 1.91079]
332,4,[3.88231, 3.55293]
333,2,[1.07776, 3.76625]
333,3,[2.60916, 1.9171]
333,4,[3.88984, 3.5619]
334,2,[1.04464, 3.81727]
334,3,[2.59489, 1.89667]
334,4,[3.86494, 3.59395]
335,2,[1.04464, 3.81727]
335,3,[2.56723, 1.87876]
335,4,[3.88649, 3.58807]
336,2,[1.04464, 3.81727]
336,3,[2.49993, 1.95272]
336,4,[3.90468, 3.62819]
337,2,[1.04464, 3.81727]
337,3,[2.50412, 1.97293]
337,4,[3.90181, 3.64667]
338,3,[2.50926, 1.98257]
338,4,[3.90622, 3.65287]
339,3,[2.41379, 2.05167]
339,4,[3.82725, 3.61807]
340,3,[2.31909, 2.12335]
340,4,[3.80365, 3.56113]
341,3,[2.35744, 2.09886]
341,4,[3.78509, 3.52226]
342,3,[2.26752, 2.1555]
342,4,[3.77047, 3.4991]
343,3,[2.1994, 2.20147]
343,4,[3.74093, 3.46674]
344,3,[2.14437, 2.23772]
344,4,[3.68906, 3.42064]
345,3,[2.09082, 2.28682]
345,4,[3.63556, 3.37575]
346,3,[2.0308, 2.34107]
346,4,[3.55984, 3.31037]
347,3,[1.98486, 2.37074]
347,4,[3.5177, 3.27534]
348,3,[1.91767, 2.41361]
348,4,[3.45195, 3.20203]
349,3,[1.877, 2.44588]
349,4,[3.44026, 3.12559]
350,3,[1.84409, 2.4861]
350,4,[3.38828, 3.04202]
351,3,[1.81509, 2.50859]
351,4,[3.35728, 3.00842]
352,3,[1.79497, 2.53656]
352,4,[3.30834, 2.96913]
353,3,[1.77115, 2.5458]
353,4,[3.27222, 2.93919]
354,3,[1.72679, 2.57163]
354,4,[3.25869, 2.89937]
355,3,[1.70367, 2.5845]
355,4,[3.26102, 2.87208]
356,3,[1.69046, 2.5917]
356,4,[3.24412, 2.85336]
357,3,[1.66341, 2.60424]
357,4,[3.23265, 2.83048]
358,3,[1.63288, 2.6234]
358,4,[3.20177, 2.78213]
359,3,[1.61986, 2.66465]
359,4,[3.14985, 2.74249]
360,3,[1.58488, 2.69754]
360,4,[3.13819, 2.70517]
361,3,[1.57939, 2.73281]
361,4,[3.07356, 2.65525]
362,3,[1.56512, 2.76691]
362,4,[3.0698, 2.61992]
363,3,[1.54717, 2.80795]
363,4,[3.03242, 2.60949]
364,3,[1.57035, 2.81359]
364,4,[2.92847, 2.59845]
365,3,[1.5435, 2.85076]
365,4,[2.85259, 2.59039]
366,3,[1.52612, 2.8799]
366,4,[2.82454, 2.5101]
367,3,[1.49571, 2.91095]
367,4,[2.81159, 2.41927]
368,3,[1.48593, 2.93322]
368,4,[2.80945, 2.35609]
369,3,[1.48765, 2.95959]
369,4,[2.78751, 2.35602]
370,3,[1.46873, 2.98623]
370,4,[2.77257, 2.30577]
371,3,[1.40407, 3.06747]
371,4,[2.75756, 2.26217]
372,3,[1.3585, 3.1043]
372,4,[2.73796, 2.22076]
373,3,[1.32581, 3.14498]
373,4,[2.66707, 2.14852]
374,3,[1.31263, 3.18688]
374,4,[2.62078, 2.15228]
375,3,[1.28931, 3.22005]
375,4,[2.58233, 2.12151]
376,3,[1.27707, 3.25657]
376,4,[2.56614, 2.10635]
377,3,[1.26975, 3.28411]
377,4,[2.54831, 2.09271]
378,3,[1.26823, 3.31108]
378,4,[2.52684, 2.07603]
379,3,[1.2772, 3.345]
379,4,[2.52002, 2.06257]
380,3,[1.24041, 3.34935]
380,4,[2.51921, 2.0522]
381,3,[1.20356, 3.3651]
381,4,[2.51335, 2.03905]
382,3,[1.19135, 3.35049]
382,4,[2.50908, 2.02945]
383,3,[1.15684, 3.37965]
383,4,[2.50595, 2.02245]
384,3,[1.14245, 3.39444]
384,4,[2.46633, 2.00005]
385,3,[1.1261, 3.4026]
385,4,[2.44209, 1.97995]
386,3,[1.10917, 3.44387]
386,4,[2.41972, 1.96903]
387,3,[1.13058, 3.46663]
387,4,[2.3878, 1.96967]
388,3,[1.10855, 3.46647]
388,4,[2.37497, 1.9871]
389,3,[1.10342, 3.46855]
389,4,[2.347, 2.00235]
390,3,[1.14143, 3.44942]
390,4,[2.3201, 2.03378]
391,3,[1.11649, 3.47019]
391,4,[2.28368, 2.06028]
392,3,[1.16046, 3.46569]
392,4,[2.26016, 2.09045]
393,3,[1.14196, 3.5015]
393,4,[2.22699, 2.09764]
394,3,[1.14196, 3.5015]
394,4,[2.23869, 2.08819]
395,3,[1.17858, 3.46555]
395,4,[2.2243, 2.12281]
396,3,[1.17858, 3.46555]
396,4,[2.21864, 2.15306]
397,3,[1.17858, 3.46555]
397,4,[2.15628, 2.22274]
398,3,[1.17858, 3.46555]
398,4,[2.11077, 2.27359]
399,4,[2.09112, 2.32366]
400,4,[2.03158, 2.37051]
401,4,[1.9825, 2.41223]
402,4,[1.94968, 2.45471]
403,4,[1.90803, 2.50457]
404,4,[1.87262, 2.54332]
405,4,[1.83266, 2.58612]
406,4,[1.78894, 2.63493]
407,4,[1.76655, 2.67589]
408,4,[1.70887, 2.73115]
409,4,[1.6786, 2.75303]
410,4,[1.67528, 2.75083]
411,4,[1.66871, 2.75483]
412,4,[1.65021, 2.78331]
413,4,[1.61201, 2.81541]
414,4,[1.56452, 2.85772]
415,4,[1.55259, 2.88397]
416,4,[1.52935, 2.90798]
417,4,[1.51086, 2.93032]
418,4,[1.50586, 2.9676]
419,4,[1.50221, 2.9948]
420,4,[1.45077, 3.08441]
421,4,[1.44426, 3.11948]
422,4,[1.43117, 3.15036]
423,4,[1.39703, 3.20197]
424,4,[1.34965, 3.24392]
425,4,[1.33593, 3.27172]
426,4,[1.31916, 3.29292]
427,4,[1.31322, 3.31403]
428,4,[1.2667, 3.32675]
429,4,[1.26748, 3.34458]
430,4,[1.2323, 3.37669]
431,4,[1.23682, 3.37034]
432,4,[1.19003, 3.39414]
433,4,[1.13521, 3.46328]
434,4,[1.13881, 3.47263]
435,4,[1.12362, 3.47554]
436,4,[1.17134, 3.46058]
437,4,[1.12705, 3.45944]
438,4,[1.17552, 3.44627]
439,4,[1.1301, 3.44899]
440,4,[1.09695, 3.45098]
441,4,[1.12602, 3.4171]
442,4,[1.08197, 3.44314]
443,4,[1.08197, 3.44314]
444,4,[1.04392, 3.46564]
445,4,[1.14947, 3.48309]
446,4,[1.21959, 3.4957]
447,4,[1.21959, 3.4957]
448,4,[1.21959, 3.4957]
449,4,[1.21959, 3.4957]
